2xnyM 001 001 0.245 0.176
5ujrA 002 002 0.303 0.333
5oxeA 003 008 0.383 0.444
4asoA 004 003 0.442 0.356
4co6D 005 100 0.442 0.712
6hz2A 006 029 0.444 0.593
1b9pA 007 049 0.471 0.647
6n7rH 008 010 0.483 0.494
3wmiA 009 022 0.491 0.579
4fu4C 010 005 0.500 0.423
1m0fB 011 009 0.500 0.456
6tdyc 012 007 0.503 0.444
1dtvA 013 046 0.507 0.642
5gsfA 014 417 0.519 1.000
4cxfB 015 039 0.526 0.621
1iwcA 016 012 0.529 0.529
1f02T 017 126 0.530 0.727
6h9cb 018 042 0.534 0.637
6atwA 019 057 0.553 0.658
6wkkG 020 014 0.553 0.533
1mm0A 021 243 0.556 0.806
6ekaA 022 006 0.564 0.423
6nuwG 023 035 0.568 0.618
6ppbn 024 018 0.570 0.550
6qesA 025 090 0.575 0.700
6tdvO 026 030 0.578 0.595
6rflE 027 026 0.578 0.589
6tdzN 028 024 0.583 0.583
6u1xP 029 025 0.585 0.585
6qeuA 030 084 0.598 0.695
3zldB 031 021 0.600 0.575
6j9nB 032 011 0.602 0.517
2mwrA 033 068 0.603 0.672
6e10a 034 047 0.609 0.643
2jypA 035 162 0.611 0.750
3fuyA 036 019 0.615 0.564
2dcoA 037 096 0.618 0.706
2m7yA 038 027 0.620 0.592
3iymA 039 013 0.620 0.532
1mqsB 040 023 0.620 0.580
4il7A 041 038 0.627 0.620
6zojj 042 020 0.628 0.567
1pxqA 043 004 0.629 0.371
2k84A 044 137 0.633 0.733
4zrlB 045 017 0.636 0.545
6qzhA 046 037 0.639 0.620
3tknB 047 062 0.641 0.667
6bl9A 048 058 0.642 0.660
3s6xA 049 132 0.646 0.732
1hicA 050 048 0.647 0.647
4lp7A 051 073 0.650 0.677
5vf3O 052 044 0.650 0.637
2l9uA 053 051 0.650 0.650
6mcbC 054 052 0.650 0.650
3zxuB 055 083 0.652 0.693
6ia5D 056 032 0.652 0.602
1vszN 057 031 0.653 0.595
1h7jA 058 016 0.654 0.538
2rtzA 059 121 0.655 0.724
5d28A 060 120 0.659 0.724
6swy1 061 069 0.659 0.673
6nzkA 062 055 0.659 0.652
3kz4A 063 034 0.659 0.617
3oegA 064 210 0.659 0.785
5y10C 065 054 0.660 0.651
6wtsC 066 036 0.661 0.620
3tsiA 067 209 0.662 0.785
3uauA 068 119 0.665 0.723
1oioA 069 192 0.669 0.775
6ku9A 070 066 0.671 0.671
5gnbA 071 064 0.671 0.668
2igrA 072 357 0.676 0.882
1x5vA 073 072 0.676 0.676
1jdmA 074 190 0.677 0.774
5h61A 075 065 0.678 0.670
6k15E 076 312 0.679 0.846
6pe4Q 077 043 0.682 0.637
1ty4C 078 111 0.684 0.719
6wucW 079 086 0.685 0.696
5m41A 080 060 0.686 0.663
3es5A 081 180 0.686 0.762
3zi5A 082 077 0.687 0.687
2lu2A 083 230 0.688 0.797
1dtcA 084 185 0.692 0.769
2ll2A 085 082 0.692 0.692
2kghA 086 108 0.692 0.718
6oq5A 087 092 0.694 0.702
4v3aC 088 106 0.696 0.716
6xwtE 089 161 0.697 0.749
6rflJ 090 305 0.698 0.841
4exmA 091 128 0.700 0.729
4wznA 092 110 0.700 0.719
4xbiA 093 053 0.701 0.651
3f1jA 094 050 0.704 0.648
1kkeA 095 158 0.705 0.748
3wa5B 096 145 0.706 0.739
5a8uA 097 157 0.708 0.747
2w2sA 098 075 0.708 0.678
5ir0A 099 033 0.708 0.615
4uc6A 100 352 0.708 0.880
1al0G 101 105 0.709 0.714
5z79A 102 171 0.710 0.756
6u9xD 103 116 0.711 0.722
6g45A 104 094 0.711 0.703
6vvcA 105 138 0.713 0.736
6qvmA 106 061 0.714 0.665
1h7dA 107 028 0.714 0.592
3j26A 108 142 0.715 0.738
4lo4A 109 056 0.716 0.653
3ts3A 110 063 0.716 0.668
2w8mA 111 252 0.717 0.811
6djyD 112 146 0.718 0.739
1eryA 113 186 0.718 0.769
3mwqA 114 085 0.719 0.695
6p5rA 115 079 0.720 0.690
4xc5A 116 179 0.720 0.761
5vgbB 117 133 0.721 0.733
6qvpA 118 300 0.721 0.837
5njlA 119 203 0.722 0.780
7c4jE 120 104 0.722 0.714
3ziwA 121 059 0.724 0.661
6vkfA 122 070 0.724 0.675
2lu1A 123 122 0.725 0.725
6z2lA 124 172 0.726 0.756
3qh6A 125 361 0.726 0.885
2oj5A 126 265 0.727 0.818
2k1oA 127 267 0.727 0.818
5aoqA 128 114 0.728 0.721
2gefA 129 134 0.728 0.733
4cgsA 130 071 0.728 0.676
4bedB 131 088 0.729 0.700
1hd6A 132 129 0.730 0.730
1jmuA 133 076 0.732 0.683
4oj5A 134 163 0.732 0.750
4eo2A 135 124 0.732 0.726
1m06G 136 204 0.733 0.781
3alwA 137 155 0.733 0.744
5zkfB 138 127 0.734 0.728
6xw2A 139 078 0.735 0.687
5lacA 140 160 0.736 0.748
5v56A 141 150 0.737 0.741
5oacA 142 093 0.739 0.703
3ks4A 143 306 0.739 0.842
2imuA 144 392 0.739 0.935
3vpjE 145 102 0.740 0.714
4jdoA 146 115 0.740 0.721
4jmfA 147 148 0.740 0.740
4en6A 148 183 0.741 0.763
3winD 149 041 0.742 0.634
6g43A 150 091 0.742 0.702
4bh6I 151 089 0.743 0.700
5wuaA 152 212 0.743 0.787
4dniA 153 268 0.743 0.821
4qnlA 154 170 0.744 0.756
1xv3A 155 383 0.745 0.915
4ye7A 156 109 0.745 0.718
4zk9A 157 263 0.746 0.815
6b7lA 158 173 0.747 0.757
5a96A 159 125 0.747 0.727
4hkjD 160 103 0.748 0.714
5a9aA 161 234 0.749 0.798
5musA 162 140 0.750 0.738
1h2cA 163 341 0.750 0.871
4ypiE 164 270 0.750 0.821
2h36X 165 149 0.750 0.741
6djyB 166 182 0.750 0.763
3gn6A 167 366 0.751 0.888
4oy4A 168 045 0.753 0.639
2jv8A 169 101 0.753 0.712
6wucT 170 199 0.753 0.778
2fsdA 171 239 0.754 0.803
2eucA 172 221 0.754 0.792
6pzkB 173 097 0.754 0.707
5w6sA 174 143 0.754 0.738
4r29A 175 099 0.754 0.710
2zb5A 176 211 0.755 0.786
5x0sA 177 167 0.755 0.755
6xt9J 178 281 0.755 0.827
1al01 179 154 0.757 0.743
4hizA 180 191 0.757 0.775
2z0rA 181 310 0.757 0.845
1qb5D 182 245 0.758 0.808
1azpA 183 240 0.758 0.803
2bcmA 184 273 0.758 0.824
3taiA 185 188 0.758 0.773
1fryA 186 000 0.759 0.138
2q23A 187 147 0.759 0.740
6w2df 188 177 0.761 0.758
5b2gA 189 112 0.764 0.720
2yibA 190 227 0.764 0.795
1t6lA 191 344 0.766 0.872
3jb6B 192 244 0.766 0.807
4r04A 193 166 0.767 0.752
5optg 194 095 0.767 0.703
6rflR 195 259 0.767 0.814
1dtpA 196 216 0.768 0.789
4uciA 197 156 0.769 0.745
5vbaA 198 256 0.769 0.812
3iylX 199 169 0.769 0.755
1l4dB 200 200 0.770 0.779
4owrC 201 320 0.771 0.851
2efvA 202 277 0.772 0.826
6ng3A 203 208 0.772 0.784
6iuyA 204 275 0.772 0.825
3aq3A 205 325 0.773 0.853
2jooA 206 175 0.773 0.758
6e11d 207 141 0.773 0.738
1h2dA 208 321 0.775 0.852
3lsoA 209 241 0.775 0.804
6v1vA 210 202 0.775 0.779
6rflG 211 176 0.776 0.758
2bbvA 212 184 0.777 0.769
1f8vA 213 231 0.777 0.797
2mhwA 214 197 0.778 0.778
2i1tA 215 118 0.778 0.722
5a99A 216 087 0.778 0.698
2gmqA 217 315 0.780 0.847
4jdmA 218 260 0.781 0.814
6e8mA 219 264 0.781 0.817
2rpsA 220 257 0.781 0.812
1ezjA 221 405 0.783 0.957
1i4eA 222 135 0.783 0.733
3zmnA 223 225 0.784 0.794
3pntA 224 153 0.784 0.743
5xsvA 225 214 0.784 0.788
4l0kA 226 302 0.784 0.837
1pprM 227 365 0.785 0.888
1vprA 228 324 0.786 0.853
5wtiZ 229 242 0.786 0.804
1wvlA 230 181 0.788 0.762
2vqgA 231 246 0.788 0.808
3k1qB 232 165 0.789 0.751
4jm0A 233 284 0.789 0.828
5vobD 234 152 0.790 0.742
3rj2X 235 255 0.790 0.812
4cj0B 236 198 0.790 0.778
5a98A 237 261 0.790 0.815
6w37A 238 195 0.791 0.776
6oafA 239 206 0.791 0.783
4pxtA 240 123 0.791 0.725
5xa5B 241 098 0.792 0.708
6mccC 242 144 0.792 0.738
6ks5A 243 151 0.793 0.741
6br8A 244 286 0.794 0.829
4tlwA 245 194 0.794 0.776
5w1nA 246 233 0.794 0.798
5a8sA 247 251 0.795 0.811
5l0lA 248 205 0.795 0.781
6rfgA 249 168 0.796 0.755
4u5aA 250 287 0.796 0.831
4iqnC 251 289 0.796 0.832
4zuzA 252 218 0.797 0.791
1ej6B 253 178 0.798 0.758
3df6A 254 373 0.798 0.899
2fz0A 255 235 0.799 0.799
4v17A 256 299 0.799 0.836
3essA 257 316 0.800 0.848
3rwxA 258 288 0.801 0.831
1q87A 259 358 0.801 0.882
5tszA 260 258 0.801 0.813
5en5A 261 282 0.801 0.828
1vr8A 262 346 0.803 0.873
2yevC 263 397 0.803 0.939
4m8rA 264 217 0.804 0.790
4h5yA 265 337 0.807 0.863
3ismC 266 339 0.808 0.869
6ehmC 267 139 0.809 0.737
2kjeB 268 080 0.810 0.690
4q3jA 269 297 0.810 0.834
5lz3B 270 390 0.810 0.931
6v8oD 271 319 0.811 0.850
6qs0A 272 283 0.811 0.828
4fasD 273 328 0.812 0.855
1tv0A 274 040 0.812 0.625
6xwxA 275 253 0.813 0.811
5oixA 276 356 0.814 0.881
5jg4A 277 338 0.814 0.866
2x5hA 278 379 0.814 0.907
1mg7A 279 369 0.815 0.894
3hslX 280 238 0.816 0.803
4emeA 281 280 0.816 0.827
3keyA 282 318 0.816 0.849
1y6fA 283 347 0.816 0.873
3q1cA 284 393 0.817 0.936
6expA 285 201 0.817 0.779
3tekA 286 385 0.818 0.919
6bmtB 287 136 0.819 0.733
2n67B 288 196 0.819 0.777
5btzA 289 081 0.820 0.691
2hlgA 290 313 0.821 0.846
2ex3B 291 279 0.821 0.827
2vsaA 292 220 0.822 0.792
6ehlA 293 329 0.823 0.855
3pnrB 294 193 0.824 0.775
2qy2A 295 370 0.824 0.895
6bzfA 296 229 0.824 0.796
4n4nB 297 274 0.825 0.825
5yx5A 298 340 0.825 0.869
5muzA 299 228 0.825 0.796
2c9lY 300 131 0.825 0.730
2rbgA 301 276 0.825 0.825
2fqmA 302 353 0.827 0.880
5wqeA 303 236 0.827 0.800
4lvnP 304 113 0.828 0.720
5dvwA 305 345 0.828 0.873
5evfA 306 303 0.829 0.838
6av8A 307 362 0.829 0.886
4jppA 308 164 0.829 0.750
2kniA 309 015 0.829 0.537
3rylA 310 351 0.830 0.880
2z0lA 311 247 0.830 0.808
4k7bA 312 381 0.831 0.911
6c54A 313 307 0.831 0.843
4hh7A 314 291 0.832 0.832
1z8yJ 315 293 0.833 0.833
5kevB 316 219 0.833 0.792
1jjgA 317 226 0.833 0.794
4b1qP 318 294 0.833 0.833
5w7gB 319 295 0.833 0.833
5t3tA 320 326 0.834 0.855
1r5eA 321 364 0.835 0.887
5al6A 322 301 0.837 0.837
2jmkA 323 130 0.838 0.730
4qn8A 324 333 0.839 0.858
5ipxA 325 311 0.840 0.846
4be5A 326 308 0.840 0.844
4ph8A 327 237 0.840 0.801
6qvfA 328 254 0.840 0.811
2jmhA 329 290 0.840 0.832
5kevA 330 394 0.840 0.936
5nkxA 331 349 0.841 0.876
6i2oA 332 187 0.841 0.770
4qeyA 333 330 0.841 0.856
6rflF 334 224 0.841 0.793
5vw1B 335 232 0.843 0.798
1bgtA 336 342 0.843 0.872
5cwwC 337 396 0.844 0.938
2pqrC 338 285 0.844 0.828
4hicA 339 159 0.844 0.748
3m1cB 340 272 0.848 0.824
6ydrA 341 348 0.849 0.875
3fn2A 342 107 0.849 0.717
1r4gA 343 223 0.849 0.792
6o43A 344 327 0.850 0.855
4bjsA 345 402 0.850 0.950
4akxA 346 395 0.850 0.937
6pnjI 347 067 0.851 0.672
4blgA 348 363 0.851 0.887
2b9kA 349 343 0.851 0.872
2l9jA 350 278 0.851 0.826
4r61A 351 296 0.851 0.834
3btpA 352 314 0.853 0.847
2z7jA 353 317 0.856 0.848
6istA 354 331 0.857 0.857
6saaA 355 332 0.857 0.857
5wx8A 356 250 0.860 0.810
2k9dA 357 391 0.864 0.932
4aoqD 358 174 0.865 0.757
5w4aA 359 322 0.866 0.852
5lxjA 360 415 0.868 0.981
6w2eZ 361 382 0.869 0.915
1n93X 362 354 0.869 0.880
1dmuA 363 377 0.870 0.906
5eqzA 364 248 0.870 0.808
3zheA 365 334 0.871 0.860
1oh1A 366 367 0.872 0.890
5uzuB 367 215 0.873 0.789
3mq1A 368 400 0.874 0.942
2k4nA 369 207 0.874 0.784
3kjlE 370 309 0.875 0.844
1hufA 371 271 0.879 0.821
2w2rA 372 292 0.882 0.833
1jvrA 373 401 0.883 0.949
5xyvC 374 412 0.883 0.967
5lxlA 375 359 0.884 0.884
2qkwA 376 372 0.884 0.896
2lm9A 377 371 0.885 0.896
2laqA 378 117 0.889 0.722
4jmrA 379 249 0.889 0.809
1wy6A 380 374 0.890 0.901
3htkB 381 406 0.890 0.959
4djbA 382 404 0.892 0.954
5ue0A 383 335 0.893 0.860
5t42A 384 213 0.894 0.787
3j9aA 385 399 0.894 0.941
2lydB 386 387 0.895 0.921
2xfvA 387 408 0.896 0.960
3kikE 388 336 0.897 0.862
3nkuA 389 298 0.897 0.836
2kjgA 390 350 0.899 0.879
6dm3A 391 368 0.900 0.892
4uzbA 392 388 0.901 0.922
2vwaA 393 398 0.901 0.941
1dmcA 394 189 0.903 0.774
5oqtC 395 074 0.903 0.677
1ueoA 396 376 0.905 0.905
3hj2A 397 266 0.909 0.818
2nd2A 398 380 0.909 0.909
1oksA 399 416 0.911 0.982
2ko4B 400 323 0.912 0.853
1o22A 401 304 0.912 0.841
2yq0A 402 384 0.913 0.919
1skvA 403 360 0.913 0.884
5owuB 404 403 0.921 0.954
1v90A 405 386 0.921 0.921
1y66A 406 414 0.923 0.981
2l9bB 407 222 0.925 0.792
1wmiB 408 355 0.925 0.881
3tj5B 409 262 0.926 0.815
6f34C 410 389 0.926 0.926
2r18A 411 409 0.928 0.964
1dmeA 412 410 0.929 0.964
4gdoA 413 378 0.930 0.907
3w5aC 414 375 0.935 0.903
5vkoB 415 420 0.941 1.000
2n3zA 416 407 0.949 0.960
1qcrI 417 269 0.964 0.821
3efdK 418 411 0.967 0.967
2jmvA 419 418 0.968 1.000
3qkrC 420 413 0.971 0.971
3jqoC 421 419 1.000 1.000
